01-01 0610 0651 0736 0817 1602 1644 1728 1809
01-02 0610 0651 0735 0817 1604 1645 1729 1810
01-03 0610 0651 0735 0816 1605 1646 1730 1811
01-04 0610 0651 0735 0816 1606 1647 1731 1812
01-05 0610 0651 0735 0816 1607 1648 1732 1813
01-06 0610 0651 0735 0815 1608 1649 1733 1814
01-07 0609 0651 0734 0815 1610 1650 1734 1816
01-08 0609 0650 0734 0814 1611 1652 1735 1817
01-09 0609 0650 0734 0814 1613 1653 1737 1818
01-10 0608 0650 0733 0813 1614 1654 1738 1819
01-11 0608 0649 0732 0813 1615 1656 1739 1820
01-12 0608 0649 0732 0812 1617 1657 1740 1821
01-13 0607 0648 0731 0811 1619 1658 1742 1823
01-14 0607 0648 0731 0810 1620 1700 1743 1824
01-15 0606 0647 0730 0810 1622 1701 1744 1825
01-16 0605 0646 0729 0809 1623 1703 1746 1827
01-17 0605 0646 0728 0808 1625 1704 1747 1828
01-18 0604 0645 0727 0807 1627 1706 1749 1829
01-19 0603 0644 0726 0806 1628 1707 1750 1831
01-20 0603 0643 0726 0804 1630 1709 1751 1832
01-21 0602 0642 0725 0803 1632 1711 1753 1833
01-22 0601 0641 0723 0802 1634 1712 1754 1835
01-23 0600 0640 0722 0801 1635 1714 1756 1836
01-24 0559 0639 0721 0800 1637 1715 1757 1838
01-25 0558 0638 0720 0758 1639 1717 1759 1839
01-26 0557 0637 0719 0757 1641 1719 1801 1841
01-27 0556 0636 0718 0755 1643 1720 1802 1842
01-28 0555 0635 0716 0754 1644 1722 1804 1844
01-29 0553 0634 0715 0753 1646 1724 1805 1845
01-30 0552 0632 0714 0751 1648 1726 1807 1847
01-31 0551 0631 0712 0749 1650 1727 1809 1849
02-01 0550 0630 0711 0748 1652 1729 1810 1850
02-02 0548 0628 0709 0746 1654 1731 1812 1852
02-03 0547 0627 0708 0745 1656 1733 1814 1853
02-04 0546 0625 0706 0743 1658 1734 1815 1855
02-05 0544 0624 0705 0741 1659 1736 1817 1857
02-06 0543 0622 0703 0739 1701 1738 1819 1858
02-07 0541 0621 0701 0738 1703 1740 1820 1900
02-08 0540 0619 0700 0736 1705 1741 1822 1902
02-09 0538 0618 0658 0734 1707 1743 1824 1903
02-10 0536 0616 0656 0732 1709 1745 1825 1905
02-11 0535 0614 0654 0730 1711 1747 1827 1907
02-12 0533 0612 0653 0728 1713 1749 1829 1908
02-13 0531 0611 0651 0726 1715 1750 1830 1910
02-14 0530 0609 0649 0724 1717 1752 1832 1912
02-15 0528 0607 0647 0722 1719 1754 1834 1913
02-16 0526 0605 0645 0720 1720 1756 1836 1915
02-17 0524 0603 0643 0718 1722 1758 1837 1917
02-18 0522 0602 0641 0716 1724 1759 1839 1919
02-19 0520 0600 0639 0714 1726 1801 1841 1920
02-20 0518 0558 0637 0712 1728 1803 1843 1922
02-21 0516 0556 0635 0710 1730 1805 1844 1924
02-22 0514 0554 0633 0708 1732 1807 1846 1926
02-23 0512 0552 0631 0706 1734 1808 1848 1928
02-24 0510 0550 0629 0704 1735 1810 1850 1929
02-25 0508 0548 0627 0702 1737 1812 1851 1931
02-26 0506 0546 0625 0659 1739 1814 1853 1933
02-27 0504 0543 0623 0657 1741 1815 1855 1935
02-28 0502 0541 0621 0655 1743 1817 1857 1937
03-01 0459 0539 0619 0653 1745 1819 1859 1938
03-02 0457 0537 0616 0651 1747 1821 1900 1940
03-03 0455 0535 0614 0648 1748 1823 1902 1942
03-04 0453 0533 0612 0646 1750 1824 1904 1944
03-05 0450 0530 0610 0644 1752 1826 1906 1946
03-06 0448 0528 0608 0642 1754 1828 1908 1948
03-07 0446 0526 0605 0639 1756 1830 1909 1950
03-08 0443 0524 0603 0637 1758 1832 1911 1952
03-09 0441 0521 0601 0635 1759 1833 1913 1954
03-10 0438 0519 0558 0632 1801 1835 1915 1955
03-11 0436 0517 0556 0630 1803 1837 1917 1957
03-12 0433 0514 0554 0628 1805 1839 1919 1959
03-13 0431 0512 0552 0625 1806 1841 1920 2001
03-14 0428 0509 0549 0623 1808 1842 1922 2003
03-15 0426 0507 0547 0621 1810 1844 1924 2005
03-16 0423 0505 0544 0618 1812 1846 1926 2007
03-17 0421 0502 0542 0616 1814 1848 1928 2009
03-18 0418 0500 0540 0614 1815 1849 1930 2012
03-19 0415 0457 0537 0611 1817 1851 1932 2014
03-20 0413 0455 0535 0609 1819 1853 1933 2016
03-21 0410 0452 0533 0607 1821 1855 1935 2018
03-22 0407 0450 0530 0604 1822 1857 1937 2020
03-23 0405 0447 0528 0602 1824 1858 1939 2022
03-24 0402 0445 0525 0600 1826 1900 1941 2024
03-25 0459 0542 0623 0657 1928 2002 2043 2126
03-26 0456 0540 0621 0655 1930 2004 2045 2129
03-27 0454 0537 0618 0653 1931 2006 2047 2131
03-28 0451 0535 0616 0650 1933 2008 2049 2133
03-29 0448 0532 0613 0648 1935 2009 2051 2135
03-30 0445 0529 0611 0645 1937 2011 2053 2138
03-31 0442 0527 0609 0643 1938 2013 2055 2140
04-01 0439 0524 0606 0641 1940 2015 2057 2142
04-02 0436 0522 0604 0638 1942 2017 2059 2145
04-03 0433 0519 0601 0636 1944 2019 2101 2147
04-04 0430 0516 0559 0634 1945 2020 2103 2150
04-05 0427 0514 0556 0631 1947 2022 2105 2152
04-06 0424 0511 0554 0629 1949 2024 2107 2155
04-07 0421 0509 0552 0627 1951 2026 2109 2157
04-08 0418 0506 0549 0625 1952 2028 2111 2200
04-09 0415 0503 0547 0622 1954 2030 2114 2202
04-10 0412 0501 0544 0620 1956 2032 2116 2205
04-11 0409 0458 0542 0618 1957 2033 2118 2207
04-12 0406 0455 0540 0615 1959 2035 2120 2210
04-13 0402 0453 0537 0613 2001 2037 2122 2213
04-14 0359 0450 0535 0611 2003 2039 2124 2216
04-15 0356 0447 0532 0609 2004 2041 2127 2218
04-16 0353 0445 0530 0607 2006 2043 2129 2221
04-17 0349 0442 0528 0604 2008 2045 2131 2224
04-18 0346 0439 0525 0602 2010 2047 2133 2227
04-19 0343 0436 0523 0600 2011 2049 2136 2230
04-20 0339 0434 0521 0558 2013 2051 2138 2233
04-21 0336 0431 0518 0556 2015 2053 2140 2236
04-22 0332 0428 0516 0553 2017 2054 2142 2239
04-23 0329 0426 0514 0551 2018 2056 2145 2243
04-24 0325 0423 0511 0549 2020 2058 2147 2246
04-25 0322 0420 0509 0547 2022 2100 2149 2249
04-26 0318 0418 0507 0545 2024 2102 2152 2253
04-27 0314 0415 0505 0543 2025 2104 2154 2256
04-28 0310 0412 0502 0541 2027 2106 2157 2300
04-29 0307 0410 0500 0539 2029 2108 2159 2303
04-30 0303 0407 0458 0537 2031 2110 2201 2307
05-01 0259 0404 0456 0535 2032 2112 2204 2311
05-02 0255 0402 0453 0533 2034 2114 2206 2314
05-03 0251 0359 0451 0531 2036 2116 2209 2318
05-04 0247 0356 0449 0529 2037 2118 2211 2323
05-05 0242 0354 0447 0527 2039 2120 2214 2327
05-06 0238 0351 0445 0526 2041 2122 2216 2331
05-07 0233 0348 0443 0524 2042 2124 2219 2336
05-08 0229 0346 0441 0522 2044 2125 2221 2340
05-09 0224 0343 0439 0520 2046 2127 2224 2345
05-10 0219 0341 0437 0518 2047 2129 2226 2351
05-11 0213 0338 0435 0517 2049 2131 2229 2356
05-12 0208 0335 0433 0515 2051 2133 2231    -
05-13 0202 0333 0431 0513 2052 2135 2234    -
05-14 0155 0330 0429 0512 2054 2137 2236    -
05-15 0148 0328 0427 0510 2055 2139 2239    -
05-16 0139 0325 0426 0509 2057 2140 2241    -
05-17 0129 0323 0424 0507 2059 2142 2244    -
05-18 0106 0320 0422 0506 2100 2144 2246    -
05-19    - 0318 0420 0504 2102 2146 2249    -
05-20    - 0316 0419 0503 2103 2148 2252    -
05-21    - 0313 0417 0502 2105 2149 2254    -
05-22    - 0311 0415 0500 2106 2151 2257    -
05-23    - 0308 0414 0459 2107 2153 2259    -
05-24    - 0306 0412 0458 2109 2154 2301    -
05-25    - 0304 0411 0457 2110 2156 2304    -
05-26    - 0302 0409 0455 2112 2158 2306    -
05-27    - 0259 0408 0454 2113 2159 2309    -
05-28    - 0257 0407 0453 2114 2201 2311    -
05-29    - 0255 0405 0452 2115 2202 2313    -
05-30    - 0253 0404 0451 2117 2204 2316    -
05-31    - 0251 0403 0450 2118 2205 2318    -
06-01    - 0249 0402 0449 2119 2207 2320    -
06-02    - 0247 0401 0449 2120 2208 2322    -
06-03    - 0246 0400 0448 2121 2209 2324    -
06-04    - 0244 0359 0447 2122 2211 2326    -
06-05    - 0242 0358 0446 2123 2212 2328    -
06-06    - 0241 0357 0446 2124 2213 2330    -
06-07    - 0239 0356 0445 2125 2214 2332    -
06-08    - 0238 0356 0445 2126 2215 2334    -
06-09    - 0236 0355 0444 2127 2216 2335    -
06-10    - 0235 0354 0444 2127 2217 2337    -
06-11    - 0234 0354 0443 2128 2218 2338    -
06-12    - 0233 0354 0443 2129 2219 2340    -
06-13    - 0232 0353 0443 2130 2219 2341    -
06-14    - 0231 0353 0443 2130 2220 2342    -
06-15    - 0231 0353 0443 2131 2221 2343    -
06-16    - 0230 0352 0442 2131 2221 2344    -
06-17    - 0230 0352 0442 2132 2222 2345    -
06-18    - 0229 0352 0442 2132 2222 2345    -
06-19    - 0229 0352 0442 2132 2223 2346    -
06-20    - 0229 0352 0443 2133 2223 2346    -
06-21    - 0229 0352 0443 2133 2223 2346    -
06-22    - 0229 0353 0443 2133 2223 2347    -
06-23    - 0230 0353 0443 2133 2223 2346    -
06-24    - 0230 0353 0444 2133 2223 2346    -
06-25    - 0231 0354 0444 2133 2223 2346    -
06-26    - 0232 0354 0444 2133 2223 2346    -
06-27    - 0232 0355 0445 2133 2223 2345    -
06-28    - 0233 0355 0445 2133 2223 2344    -
06-29    - 0235 0356 0446 2133 2222 2343    -
06-30    - 0236 0357 0447 2132 2222 2342    -
07-01    - 0237 0358 0447 2132 2221 2341    -
07-02    - 0239 0359 0448 2132 2221 2340    -
07-03    - 0240 0359 0449 2131 2220 2339    -
07-04    - 0242 0400 0450 2131 2220 2338    -
07-05    - 0244 0402 0450 2130 2219 2336    -
07-06    - 0245 0403 0451 2130 2218 2335    -
07-07    - 0247 0404 0452 2129 2217 2333    -
07-08    - 0249 0405 0453 2128 2216 2331    -
07-09    - 0251 0406 0454 2127 2215 2330    -
07-10    - 0253 0407 0455 2127 2214 2328    -
07-11    - 0255 0409 0456 2126 2213 2326    -
07-12    - 0257 0410 0458 2125 2212 2324    -
07-13    - 0300 0411 0459 2124 2211 2322    -
07-14    - 0302 0413 0500 2123 2210 2320    -
07-15    - 0304 0414 0501 2122 2208 2318    -
07-16    - 0307 0416 0502 2121 2207 2316    -
07-17    - 0309 0417 0504 2120 2206 2314    -
07-18    - 0311 0419 0505 2119 2204 2311    -
07-19    - 0314 0421 0506 2117 2203 2309    -
07-20    - 0316 0422 0508 2116 2201 2307    -
07-21    - 0319 0424 0509 2115 2200 2304    -
07-22    - 0321 0426 0510 2114 2158 2302    -
07-23    - 0323 0427 0512 2112 2156 2300    -
07-24    - 0326 0429 0513 2111 2155 2257    -
07-25    - 0328 0431 0515 2109 2153 2255    -
07-26    - 0331 0432 0516 2108 2151 2252    -
07-27 0138 0333 0434 0518 2106 2150 2250    -
07-28 0149 0336 0436 0519 2105 2148 2247    -
07-29 0158 0338 0438 0521 2103 2146 2245    -
07-30 0205 0341 0440 0522 2101 2144 2242    -
07-31 0212 0343 0441 0524 2100 2142 2240    -
08-01 0218 0346 0443 0525 2058 2140 2237    -
08-02 0223 0348 0445 0527 2056 2138 2234 2357
08-03 0228 0351 0447 0529 2055 2136 2232 2352
08-04 0233 0353 0449 0530 2053 2134 2229 2347
08-05 0238 0355 0451 0532 2051 2132 2227 2342
08-06 0242 0358 0453 0533 2049 2130 2224 2337
08-07 0247 0400 0454 0535 2047 2128 2221 2333
08-08 0251 0403 0456 0537 2045 2126 2219 2329
08-09 0255 0405 0458 0538 2044 2123 2216 2324
08-10 0259 0408 0500 0540 2042 2121 2213 2320
08-11 0303 0410 0502 0542 2040 2119 2211 2316
08-12 0307 0412 0504 0543 2038 2117 2208 2312
08-13 0310 0415 0506 0545 2036 2115 2205 2309
08-14 0314 0417 0508 0547 2034 2112 2203 2305
08-15 0317 0419 0509 0548 2032 2110 2200 2301
08-16 0321 0422 0511 0550 2030 2108 2157 2257
08-17 0324 0424 0513 0552 2027 2106 2154 2254
08-18 0327 0426 0515 0553 2025 2103 2152 2250
08-19 0330 0428 0517 0555 2023 2101 2149 2246
08-20 0333 0431 0519 0557 2021 2059 2146 2243
08-21 0336 0433 0521 0558 2019 2056 2144 2239
08-22 0339 0435 0522 0600 2017 2054 2141 2236
08-23 0342 0437 0524 0602 2015 2052 2138 2232
08-24 0345 0439 0526 0603 2012 2049 2136 2229
08-25 0348 0442 0528 0605 2010 2047 2133 2226
08-26 0351 0444 0530 0607 2008 2044 2130 2222
08-27 0354 0446 0532 0608 2006 2042 2127 2219
08-28 0356 0448 0533 0610 2003 2040 2125 2216
08-29 0359 0450 0535 0612 2001 2037 2122 2212
08-30 0402 0452 0537 0613 1959 2035 2119 2209
08-31 0404 0454 0539 0615 1957 2032 2117 2206
09-01 0407 0456 0541 0617 1954 2030 2114 2203
09-02 0410 0458 0542 0618 1952 2028 2111 2200
09-03 0412 0501 0544 0620 1950 2025 2109 2157
09-04 0415 0503 0546 0622 1947 2023 2106 2153
09-05 0417 0505 0548 0623 1945 2020 2103 2150
09-06 0419 0507 0550 0625 1943 2018 2101 2147
09-07 0422 0509 0551 0627 1940 2015 2058 2144
09-08 0424 0511 0553 0628 1938 2013 2055 2141
09-09 0426 0512 0555 0630 1936 2011 2053 2138
09-10 0429 0514 0557 0632 1933 2008 2050 2135
09-11 0431 0516 0558 0633 1931 2006 2047 2132
09-12 0433 0518 0600 0635 1929 2003 2045 2129
09-13 0436 0520 0602 0637 1926 2001 2042 2127
09-14 0438 0522 0604 0638 1924 1958 2040 2124
09-15 0440 0524 0605 0640 1921 1956 2037 2121
09-16 0442 0526 0607 0642 1919 1953 2034 2118
09-17 0444 0528 0609 0643 1917 1951 2032 2115
09-18 0446 0530 0611 0645 1914 1949 2029 2112
09-19 0448 0531 0612 0647 1912 1946 2027 2110
09-20 0450 0533 0614 0648 1910 1944 2024 2107
09-21 0452 0535 0616 0650 1907 1941 2022 2104
09-22 0455 0537 0617 0652 1905 1939 2019 2101
09-23 0457 0539 0619 0653 1902 1936 2017 2059
09-24 0459 0541 0621 0655 1900 1934 2014 2056
09-25 0501 0542 0623 0657 1858 1932 2012 2053
09-26 0502 0544 0624 0658 1855 1929 2009 2051
09-27 0504 0546 0626 0700 1853 1927 2007 2048
09-28 0506 0548 0628 0702 1851 1925 2004 2045
09-29 0508 0549 0629 0703 1848 1922 2002 2043
09-30 0510 0551 0631 0705 1846 1920 2000 2040
10-01 0512 0553 0633 0707 1844 1917 1957 2038
10-02 0514 0555 0634 0709 1841 1915 1955 2035
10-03 0516 0556 0636 0710 1839 1913 1952 2033
10-04 0518 0558 0638 0712 1837 1911 1950 2030
10-05 0520 0600 0640 0714 1834 1908 1948 2028
10-06 0521 0602 0641 0715 1832 1906 1945 2026
10-07 0523 0603 0643 0717 1830 1904 1943 2023
10-08 0525 0605 0645 0719 1827 1901 1941 2021
10-09 0527 0607 0646 0721 1825 1859 1939 2018
10-10 0529 0609 0648 0722 1823 1857 1936 2016
10-11 0530 0610 0650 0724 1820 1855 1934 2014
10-12 0532 0612 0652 0726 1818 1852 1932 2012
10-13 0534 0614 0653 0728 1816 1850 1930 2009
10-14 0536 0615 0655 0729 1814 1848 1928 2007
10-15 0537 0617 0657 0731 1812 1846 1925 2005
10-16 0539 0619 0658 0733 1809 1844 1923 2003
10-17 0541 0621 0700 0735 1807 1842 1921 2001
10-18 0543 0622 0702 0737 1805 1840 1919 1959
10-19 0544 0624 0704 0738 1803 1838 1917 1957
10-20 0546 0626 0705 0740 1801 1835 1915 1954
10-21 0548 0627 0707 0742 1759 1833 1913 1952
10-22 0549 0629 0709 0744 1756 1831 1911 1950
10-23 0551 0631 0710 0746 1754 1829 1909 1949
10-24 0553 0632 0712 0747 1752 1827 1907 1947
10-25 0554 0634 0714 0749 1750 1825 1905 1945
10-26 0556 0636 0716 0751 1748 1824 1903 1943
10-27 0558 0637 0717 0753 1746 1822 1902 1941
10-28 0459 0539 0619 0655 1644 1720 1800 1839
10-29 0501 0541 0621 0656 1642 1718 1758 1837
10-30 0503 0542 0622 0658 1640 1716 1756 1836
10-31 0504 0544 0624 0700 1638 1714 1755 1834
11-01 0506 0545 0626 0702 1636 1712 1753 1832
11-02 0507 0547 0628 0704 1635 1711 1751 1831
11-03 0509 0549 0629 0706 1633 1709 1750 1829
11-04 0511 0550 0631 0707 1631 1707 1748 1828
11-05 0512 0552 0633 0709 1629 1706 1746 1826
11-06 0514 0554 0634 0711 1627 1704 1745 1825
11-07 0515 0555 0636 0713 1626 1702 1743 1823
11-08 0517 0557 0638 0715 1624 1701 1742 1822
11-09 0518 0558 0640 0717 1622 1659 1740 1820
11-10 0520 0600 0641 0718 1621 1658 1739 1819
11-11 0522 0602 0643 0720 1619 1656 1738 1818
11-12 0523 0603 0645 0722 1618 1655 1736 1816
11-13 0525 0605 0646 0724 1616 1654 1735 1815
11-14 0526 0606 0648 0726 1615 1652 1734 1814
11-15 0528 0608 0650 0727 1613 1651 1733 1813
11-16 0529 0609 0651 0729 1612 1650 1732 1812
11-17 0530 0611 0653 0731 1610 1649 1730 1811
11-18 0532 0612 0654 0733 1609 1647 1729 1810
11-19 0533 0614 0656 0735 1608 1646 1728 1809
11-20 0535 0615 0658 0736 1606 1645 1727 1808
11-21 0536 0617 0659 0738 1605 1644 1726 1807
11-22 0538 0618 0701 0740 1604 1643 1725 1806
11-23 0539 0620 0702 0741 1603 1642 1725 1805
11-24 0540 0621 0704 0743 1602 1641 1724 1805
11-25 0542 0622 0705 0745 1601 1640 1723 1804
11-26 0543 0624 0707 0746 1600 1639 1722 1803
11-27 0544 0625 0708 0748 1559 1639 1722 1803
11-28 0545 0626 0709 0749 1558 1638 1721 1802
11-29 0547 0628 0711 0751 1557 1637 1720 1801
11-30 0548 0629 0712 0752 1557 1637 1720 1801
12-01 0549 0630 0714 0754 1556 1636 1719 1801
12-02 0550 0631 0715 0755 1555 1635 1719 1800
12-03 0551 0633 0716 0757 1555 1635 1719 1800
12-04 0552 0634 0717 0758 1554 1635 1718 1800
12-05 0554 0635 0719 0759 1554 1634 1718 1759
12-06 0555 0636 0720 0801 1553 1634 1718 1759
12-07 0556 0637 0721 0802 1553 1634 1717 1759
12-08 0557 0638 0722 0803 1552 1633 1717 1759
12-09 0558 0639 0723 0804 1552 1633 1717 1759
12-10 0559 0640 0724 0805 1552 1633 1717 1759
12-11 0559 0641 0725 0806 1552 1633 1717 1759
12-12 0600 0642 0726 0807 1552 1633 1717 1759
12-13 0601 0643 0727 0808 1552 1633 1717 1759
12-14 0602 0644 0728 0809 1552 1633 1717 1759
12-15 0603 0644 0729 0810 1552 1633 1718 1759
12-16 0603 0645 0730 0811 1552 1633 1718 1800
12-17 0604 0646 0730 0812 1552 1634 1718 1800
12-18 0605 0647 0731 0813 1552 1634 1718 1800
12-19 0605 0647 0732 0813 1553 1634 1719 1801
12-20 0606 0648 0732 0814 1553 1635 1719 1801
12-21 0607 0648 0733 0814 1554 1635 1720 1801
12-22 0607 0649 0733 0815 1554 1636 1720 1802
12-23 0608 0649 0734 0815 1555 1636 1721 1802
12-24 0608 0650 0734 0816 1555 1637 1721 1803
12-25 0608 0650 0735 0816 1556 1638 1722 1804
12-26 0609 0650 0735 0816 1557 1638 1723 1804
12-27 0609 0651 0735 0817 1557 1639 1723 1805
12-28 0609 0651 0735 0817 1558 1640 1724 1806
12-29 0609 0651 0735 0817 1559 1641 1725 1807
12-30 0610 0651 0736 0817 1600 1642 1726 1807
12-31 0610 0651 0736 0817 1601 1642 1727 1808
